   0.04243   0.07145   0.00000
   0.52165   0.09673   1.00000
   0.81815   0.81755   1.00000
   0.72244   0.14987   1.00000
   0.65961   0.51859   1.00000
   0.97297   0.64899   1.00000
   0.80033   0.45380   1.00000
   0.43239   0.82531   0.00000
   0.08347   0.13317   0.00000
   0.17339   0.39094   0.00000
   0.83138   0.80336   1.00000
   0.06047   0.39926   0.00000
   0.52688   0.41680   1.00000
   0.65686   0.62797   1.00000
   0.29198   0.43165   0.00000
   0.01549   0.98406   0.00000
   0.16717   0.10622   0.00000
   0.37241   0.19812   1.00000
   0.48969   0.33949   1.00000
   0.95163   0.92033   1.00000
   0.05268   0.73786   0.00000
   0.26912   0.42284   0.00000
   0.54787   0.94274   0.00000
   0.41774   0.98305   0.00000
   0.30145   0.70110   0.00000
   0.66634   0.53913   1.00000
   0.69811   0.66653   1.00000
   0.17813   0.12801   0.00000
   0.99908   0.17112   1.00000
   0.03260   0.56120   0.00000
   0.88187   0.66918   1.00000
   0.19043   0.36892   0.00000
   0.46073   0.98164   0.00000
   0.15640   0.85552   0.00000
   0.64476   0.37627   1.00000
   0.19092   0.42825   0.00000
   0.48202   0.12061   1.00000
   0.58951   0.22619   1.00000
   0.38462   0.58299   0.00000
   0.25181   0.29044   0.00000
   0.61709   0.26528   1.00000
   0.82438   0.98266   1.00000
   0.73025   0.34388   1.00000
   0.58407   0.10777   1.00000
   0.90631   0.87965   1.00000
   0.81776   0.26073   1.00000
   0.59436   0.02251   1.00000
   0.42526   0.31272   1.00000
   0.16148   0.17877   0.00000
   0.42289   0.09423   1.00000
