33,4,7
27,33
102,95,96
102,95,97
102,2,33,98,99
53,55,59
44,46,59
18,21,33
101,102,98
102,98,99
70,71
13,33,44,46,59,9
0,2,21,33
14,15,33,4,7
14,15,33
35,36,59
53,56,59
33,4,5
102,93
70,73,83
70,83,90
40,43,59,70,78
40,43,59
70,78,83
21,27,33
53,54,59
70,87
11,33,9
13,33,9
0,33,4,5
18,22,33
27,28,33,70,72
70,72,73
102,94,95,96,97
35,59,60,61,64,65,68,70
35,59,60,61,64,70,83
102,60,64,70,94
60,62,64,65,70
102,60,63,68,70,98,99
102,94
58,59
70,84
19,2,33,70,83,90
14,16,33
33,4,5,6
70,74,91
70,91
70,83,89
19,33
44,45,59,70,83
3,33
14,17,33,35,59
40,51,59,70,79
32,33,51,59,70,79
32,33,51,59,70,79,89
34,59
10,33,9
0,30,31,33
30,31,33
2,20,33,70,78
12,33,9
26,33,70,83
1,33,4,7,70,71
44,45,59,70,83,92
14,15,33,8,9
70,75
100,102,22,24,33,98
100,102,18,33,98
70,82
37,40,59
37,38,59
32,33,40,41,51,59,70,79
102,2,22,23,33,98,99
70,74,76,91
2,33,60,63,70
2,29,33,70,78
22,25,33
70,73,85
37,38,44,45,51,52,59
47,48,53,55,59
47,48,59
14,15,2,33,60,62,70
70,81,84
70,71,73,88,92
70,82,86
0,29,33,53,55,59,60,67,68,70
40,42,59
37,39,59
60,69,70
57,59
47,50,59
22,33,4,7,70,77
60,66,70,76
21,33
70,71,73
70
0,33
0,21,33
35,53,56,59
70,72,83
102,35,59,95,96
44,45,59
70,89
102,18,21,33,98,99
0,14,15,33,4,5
35,44,45,59,70,83
102,95,96,97
18,33
32,33,70,79
70,83
10,21,33,9
70,73,89
10,14,15,33,9
102,35,59,95,97
102,93,94
70,71,83
22,33
35,59
102,44,46,59,94
102,3,33,93
18,2,27,33
18,27,33
102,93,94,95,97,98
44,45,59,70,83,89
34,53,55,59
1,14,15,33,70,71
12,14,15,33,9
2,33,70,74
2,22,33
14,17,33,4,7
53,54,59,70,73
0,2,33
70,83,89,90
1,33,70,71
70,74
70,74,83
14,17,33
1,2,33,70,71
34,35,59
22,33,4,7
51,59,70,79
102,98
18,33,4,5
2,22,33,44,45,59
70,71,73,89
32,33,44,45,51,59,70,79
102,33,4,7,93
33,70,74
102,70,83,93
0,33,9
0,14,15,33
32,33,44,45,51,59,70,79,83
70,72
0,10,14,15,33,9
40,59
0,33,53,59,70,73
2,21,33
21,32,33,51,59,70,79
27,33,9
60,70
101,102,18,33,98
3,33,4,7
44,46,53,54,59
70,73,83,90
27,28,33
18,21,22,24,33
102,18,33,98,99
14,15,17,30,31,33
0,32,33,51,59,70,79
102,35,59,60,64,70,95,97
34,59,70,83,90
10,3,33,9
35,53,55,59,70,73
70,73
30,33
102,53,54,59,93
102,22,33,98,99
22,33,34,35,59
18,2,33
70,73,83,89
14,17,27,33
70,83,84
2,33,35,59
37,38,44,45,59
102,33,4,5,6,93
2,33
14,15,17,33
33,8
2,30,31,33
10,33,4,5,6,9
70,71,84
102,35,59,93
18,21,33,70,76
0,21,32,33,4,5,51,59,70,79
2,21,22,33
102,34,59,95,97
70,71,76
2,33,9
37,38,59,70,89
100,102,98
1,27,33,70,71
33,4,5,70,79
70,76
53,55,59,70,73,83
18,33,70,74,78
32,33,51,59,70,79,92
21,33,70,74,76
102,27,33,94
1,2,22,23,33,70,71
18,32,33,51,59,70,79
44,45,59,70
22,33,34,59
0,1,32,33,51,59,70,71,79,89
35,44,46,59
70,74,76
70,71,72
14,15,33,8
102,35,59,95
22,23,24,33,53,55,59
10,14,15,3,33,9
102,34,35,59,95,97
18,32,33,51,59,70,79,89
33,70,89
33,4,5,7
0,10,3,33,9
0,22,33
102,93,95,97
14,15,17,33,35,59
100,102,93,95,97,98
44,45,59,70,92
102,35,59,60,64,70,83,95,97
14,17,33,35,44,46,59
18,2,33,53,55,59
102,94,95,96
2,33,70,78
101,102,18,2,33,98
60,61,64,70
14,15,16,33
18,33,70,74
44,46,59,70,83
21,22,23,33,70,78
102,2,22,24,33,44,45,59,98,99
40,41,43,59
32,33,35,44,45,51,59,70,79,83,89
102,2,22,24,33,98,99
18,33,4,7
102,18,33,53,54,59,93
70,74,84
22,24,33,53,55,59,70,73
0,3,33
2,33,44,45,59
70,71,89
35,59,60,61,64,70
12,2,33,9
13,33,4,5,9
102,35,36,59,95,96
70,75,84
2,32,33,51,59,70,79
2,22,33,44,59,70,78,92
14,16,33,4,7
100,102,22,23,27,33,98
70,71,74
101,102,22,33,98
102,70,83,89
21,33,44,45,59,70,83,9
33,35,59,9
22,33,60,61,70
70,78
35,37,38,59
22,33,37,59
21,33,70,74
70,82,89
22,33,4,5
102,11,33,9,94
21,26,33
70,71,78
53,59,70,73
102,18,33,70,91,98,99
0,22,24,33
53,55,59,70,73
21,33,70,83
14,17,33,70,83
34,47,48,59
10,102,11,33,60,64,70,9,93
14,17,33,44,46,59
102,94,95,97
100,102,22,33,98
2,33,70,83
1,30,33,70,71
2,33,70,74,78
2,33,53,55,59,70,73
1,33,70,71,8,9
1,33
101,102,70,89,98
53,55,59,70,71,73,89
51,52,59,70,79
14,15,17,33,4,7
32,33,51,59,70,79,83
102,94,98,99
53,54,55,59
18,2,33,70,78
35,44,45,46,59
102,22,24,33,98,99
14,15,2,33
10,18,33,9
0,20,33
19,2,33
14,15,2,29,33
40,41,59
102,2,33,93
32,33,51,59,70,79,83,89
18,22,24,33
14,15,17,32,33,51,59,70,79
22,24,33
53,55,59,60,68,70,73
1,33,70,71,75
70,75,81,84
102,22,33,93
101,102,22,23,33,98
14,15,27,33
70,72,74
10,33,4,7,9
70,71,82
33,34,4,47,59,7
34,35,44,45,59
53,59,70,73,89
18,21,27,33
60,68,70,73
34,37,38,59
10,102,2,3,33,9,93
70,83,92
1,102,33,70,71,93
14,15,33,34,59
21,33,70,91
35,59,70,83
35,59,70,73
102,32,33,51,59,70,79,98,99
102,22,24,33,60,63,70,98,99
60,61,64,70,73
53,55,59,70,76
10,11,33,9
10,33,4,5,9
14,16,21,33
34,59,70,71,83
70,73,83,89,90
22,23,33,53,55,59,70,73
102,35,59,93,94,95,96
0,3,33,4,7
2,21,27,33
10,30,31,33,9
102,70,83,90,93
35,59,60,61,64,70,73
0,19,33
102,21,33,70,91,98,99
14,17,33,44,45,59
21,22,33
70,72,83,89
18,2,33,70,74,76,83
18,19,33
20,33,9
2,33,70,78,86
19,2,33,70,78
2,22,24,33,60,63,68,70
102,34,59,93,94
14,15,29,33
47,59
0,102,33,93
0,30,33
0,21,33,53,54,59
44,45,46,59,70,92
1,33,44,46,59,70,71,9
2,33,70,73
102,2,22,24,29,33,98,99
100,102,22,23,33,98
35,44,46,53,59
70,72,84
13,14,15,33,9
70,71,83,89
0,1,2,33,70,71,9
0,1,33,70,71
21,32,33,51,59,70,79,89
0,18,21,33
34,44,46,59
18,21,33,70,91
0,2,29,33
0,14,15,2,33
102,93,95,96,97
102,22,23,33,98,99
44,45,51,59,70,79
22,23,33
44,45,53,56,59
70,72,73,89
33
14,16,17,33
2,33,4,44,45,59,7
2,21,22,23,33
13,14,15,17,33,9
0,1,2,33,70,71
44,46,53,59
14,15,3,33
2,33,70,83,89
18,22,25,33
34,44,59
32,33,4,5,51,59,70,79
1,33,44,46,59,70,71
100,101,102,98,99
10,14,17,33,9
70,86
53,54,59,70,88
29,33,60,67,70,9
101,102,21,33,98
18,2,33,70,86
102,33,44,45,59,9,95,96
70,83,85
33,60,67,70,9
33,70,74,91
101,102,93,94,98
44,45,59,60,64,70
102,70,91,98,99
70,78,86
33,70,71
1,21,33,70,71,76,78
102,70,83,90,95,96
21,33,4,7
102,2,22,24,33,60,63,70,98,99
70,71,73,83,89
70,71,85,89
27,33,4,51,59,7,70,79
14,16,33,9
70,85,89
2,21,22,24,33,60,63,70
33,8,9
102,95
1,33,60,62,65,70,9
13,33,44,45,46,59,9
33,4
70,75,83,86
2,33,70,92
22,27,33
34,35,44,45,59,60,61,64,65,70
2,20,33,9
102,2,33,94
44,46,53,59,70,73
101,102,22,27,33,98
70,71,83,84
14,15,33,9
70,76,83,90
19,27,33
70,75,83,89
70,72,73,83,89
2,21,33,53,55,59,70,73
21,33,70,76
51,59,70,79,83
35,44,45,59,70,83,90
102,2,22,33,98,99
19,22,33
22,23,33,37,38,53,55,59
10,3,33,4,7,9
44,45,53,55,59
44,45,59,70,71
22,33,35,36,59
70,76,91
27,33,4,7
0,33,60,62,65,70
2,21,33,70,76
70,84,85
14,15,2,33,60,62,65,70
1,33,70,71,83
60,69,70,81,84
102,2,22,33,93
1,14,15,17,33,70,71
0,14,17,2,33
35,53,59
102,18,2,33,98,99
1,2,33,70,71,76
2,22,29,33
102,22,33,98
102,30,31,33,94,95
102,70,83,90
22,33,59
102,35,59,95,96,97
11,33,44,46,59,9
102,35,59,60,61,64,70,95,97
34,59,70,83
0,14,15,17,33
70,71,72,73
35,51,59,70,79
1,33,70,71,87
60,68,70,89
2,21,33,70,89
2,22,23,33,70,76
47,48,58,59
101,102,27,33,98
18,33,70,74,91
