2.0000e-01
2.7048e-01
3.2996e-01
3.7600e-01
4.0688e-01
4.2184e-01
4.2108e-01
4.0584e-01
3.7830e-01
3.4141e-01
2.9876e-01
2.5423e-01
2.1177e-01
1.7509e-01
1.4735e-01
1.3099e-01
1.2750e-01
1.3734e-01
1.5991e-01
1.9360e-01
2.3597e-01
2.8389e-01
3.3384e-01
3.8218e-01
4.2541e-01
4.6047e-01
4.8496e-01
4.9728e-01
4.9677e-01
4.8370e-01
4.5924e-01
4.2532e-01
3.8448e-01
3.3960e-01
2.9369e-01
2.4966e-01
2.1007e-01
1.7698e-01
1.5180e-01
1.3525e-01
1.2736e-01
1.2752e-01
1.3463e-01
1.4725e-01
1.6376e-01
1.8262e-01
2.0245e-01
2.2228e-01
2.4154e-01
2.6019e-01
2.7866e-01
2.9776e-01
3.1862e-01
3.4247e-01
3.7046e-01
4.0355e-01
4.4224e-01
4.8653e-01
5.3579e-01
5.8878e-01
6.4364e-01
6.9806e-01
7.4940e-01
7.9491e-01
8.3197e-01
8.5830e-01
8.7222e-01
8.7278e-01
8.5995e-01
8.3463e-01
7.9866e-01
7.5472e-01
7.0619e-01
6.5687e-01
6.1077e-01
5.7180e-01
5.4348e-01
5.2864e-01
5.2926e-01
5.4627e-01
5.7948e-01
6.2757e-01
6.8819e-01
7.5812e-01
8.3351e-01
9.1011e-01
9.8362e-01
1.0499e+00
1.1055e+00
1.1475e+00
1.1738e+00
1.1837e+00
1.1771e+00
1.1551e+00
1.1196e+00
1.0731e+00
1.0186e+00
9.5909e-01
8.9780e-01
8.3749e-01
7.8051e-01
7.2865e-01
6.8304e-01
6.4420e-01
6.1207e-01
5.8613e-01
5.6558e-01
5.4947e-01
5.3691e-01
5.2722e-01
5.2003e-01
5.1539e-01
5.1377e-01
5.1602e-01
5.2329e-01
5.3690e-01
5.5814e-01
5.8814e-01
6.2762e-01
6.7681e-01
7.3528e-01
8.0190e-01
8.7481e-01
9.5155e-01
1.0291e+00
1.1042e+00
1.1735e+00
1.2336e+00
1.2817e+00
1.3156e+00
1.3339e+00
1.3361e+00
1.3229e+00
1.2957e+00
1.2570e+00
1.2100e+00
1.1585e+00
1.1063e+00
1.0574e+00
1.0154e+00
9.8306e-01
9.6268e-01
9.5535e-01
9.6118e-01
9.7923e-01
1.0076e+00
1.0435e+00
1.0838e+00
1.1248e+00
1.1629e+00
1.1948e+00
1.2175e+00
1.2289e+00
1.2277e+00
1.2137e+00
1.1873e+00
1.1500e+00
1.1040e+00
1.0519e+00
9.9672e-01
9.4145e-01
8.8891e-01
8.4150e-01
8.0108e-01
7.6882e-01
7.4522e-01
7.3007e-01
7.2259e-01
7.2155e-01
7.2542e-01
7.3260e-01
7.4157e-01
7.5109e-01
7.6030e-01
7.6883e-01
7.7678e-01
7.8474e-01
7.9364e-01
8.0465e-01
8.1900e-01
8.3782e-01
8.6190e-01
8.9160e-01
9.2672e-01
9.6643e-01
1.0092e+00
1.0532e+00
1.0958e+00
1.1343e+00
1.1661e+00
1.1885e+00
1.1996e+00
1.1978e+00
1.1825e+00
1.1540e+00
1.1134e+00
1.0630e+00
1.0057e+00
9.4502e-01
8.8485e-01
8.2921e-01
7.8193e-01
7.4630e-01
7.2491e-01
7.1940e-01
7.3032e-01
7.5710e-01
7.9806e-01
8.5055e-01
9.1109e-01
9.7568e-01
1.0400e+00
1.0998e+00
1.1512e+00
1.1907e+00
1.2158e+00
1.2250e+00
1.2175e+00
1.1938e+00
1.1553e+00
1.1040e+00
1.0427e+00
9.7440e-01
9.0223e-01
8.2923e-01
7.5806e-01
6.9090e-01
6.2931e-01
5.7423e-01
5.2597e-01
4.8430e-01
4.4858e-01
4.1795e-01
3.9146e-01
3.6828e-01
3.4782e-01
3.2985e-01
3.1456e-01
3.0256e-01
2.9480e-01
2.9252e-01
2.9705e-01
3.0965e-01
3.3132e-01
3.6264e-01
4.0363e-01
4.5363e-01
5.1126e-01
5.7446e-01
6.4055e-01
7.0644e-01
7.6874e-01
8.2408e-01
8.6931e-01
9.0176e-01
9.1947e-01
9.2135e-01
9.0728e-01
8.7817e-01
8.3590e-01
7.8319e-01
7.2346e-01
6.6051e-01
5.9832e-01
5.4069e-01
4.9101e-01
4.5198e-01
4.2540e-01
4.1209e-01
4.1179e-01
4.2322e-01
4.4418e-01
4.7176e-01
5.0252e-01
5.3285e-01
5.5916e-01
5.7823e-01
5.8741e-01
5.8484e-01
5.6954e-01
5.4148e-01
5.0155e-01
4.5146e-01
3.9356e-01
3.3065e-01
2.6573e-01
2.0177e-01
1.4146e-01
8.7055e-02
4.0182e-02
1.7952e-03
-2.7857e-02
-4.9181e-02
-6.3130e-02
-7.1056e-02
-7.4529e-02
-7.5144e-02
-7.4339e-02
-7.3241e-02
-7.2550e-02
-7.2479e-02
-7.2750e-02
-7.2653e-02
-7.1151e-02
-6.7032e-02
-5.9085e-02
-4.6278e-02
-2.7938e-02
-3.8844e-03
2.5466e-02
5.9066e-02
9.5258e-02
1.3186e-01
1.6633e-01
1.9592e-01
2.1794e-01
2.3000e-01
2.3017e-01
2.1727e-01
1.9096e-01
1.5182e-01
1.0139e-01
4.2116e-02
-2.2855e-02
-8.9820e-02
-1.5480e-01
-2.1382e-01
-2.6321e-01
-2.9988e-01
-3.2153e-01
-3.2690e-01
-3.1580e-01
-2.8918e-01
-2.4906e-01
-1.9840e-01
-1.4087e-01
-8.0627e-02
-2.1979e-02
3.0883e-02
7.4183e-02
1.0481e-01
1.2050e-01
1.1998e-01
1.0299e-01
7.0270e-02
2.3432e-02
-3.5182e-02
-1.0273e-01
-1.7611e-01
-2.5218e-01
-3.2804e-01
-4.0115e-01
-4.6955e-01
-5.3186e-01
-5.8739e-01
-6.3601e-01
-6.7811e-01
-7.1440e-01
-7.4581e-01
-7.7326e-01
-7.9752e-01
-8.1907e-01
-8.3799e-01
-8.5397e-01
-8.6625e-01
-8.7377e-01
-8.7526e-01
-8.6938e-01
-8.5494e-01
-8.3106e-01
-7.9733e-01
-7.5396e-01
-7.0186e-01
-6.4262e-01
-5.7854e-01
-5.1244e-01
-4.4755e-01
-3.8728e-01
-3.3495e-01
-2.9357e-01
-2.6560e-01
-2.5273e-01
-2.5572e-01
-2.7435e-01
-3.0738e-01
-3.5262e-01
-4.0710e-01
-4.6724e-01
-5.2914e-01
-5.8886e-01
-6.4269e-01
-6.8747e-01
-7.2077e-01
-7.4110e-01
-7.4803e-01
-7.4214e-01
-7.2506e-01
-6.9924e-01
-6.6780e-01
-6.3426e-01
-6.0228e-01
-5.7533e-01
-5.5647e-01
-5.4811e-01
-5.5182e-01
-5.6826e-01
-5.9714e-01
-6.3730e-01
-6.8677e-01
-7.4304e-01
-8.0322e-01
-8.6427e-01
-9.2331e-01
-9.7776e-01
-1.0256e+00
-1.0654e+00
-1.0964e+00
-1.1187e+00
-1.1327e+00
-1.1397e+00
-1.1412e+00
-1.1385e+00
-1.1335e+00
-1.1273e+00
-1.1210e+00
-1.1151e+00
-1.1098e+00
-1.1044e+00
-1.0983e+00
-1.0903e+00
-1.0791e+00
-1.0636e+00
-1.0429e+00
-1.0164e+00
-9.8422e-01
-9.4690e-01
-9.0572e-01
-8.6254e-01
-8.1967e-01
-7.7975e-01
-7.4553e-01
-7.1964e-01
-7.0433e-01
-7.0130e-01
-7.1146e-01
-7.3486e-01
-7.7057e-01
-8.1675e-01
-8.7071e-01
-9.2908e-01
-9.8803e-01
-1.0436e+00
-1.0918e+00
-1.1291e+00
-1.1528e+00
-1.1608e+00
-1.1523e+00
-1.1275e+00
-1.0875e+00
-1.0350e+00
-9.7291e-01
-9.0527e-01
-8.3629e-01
-7.7026e-01
-7.1128e-01
-6.6291e-01
-6.2800e-01
-6.0849e-01
-6.0533e-01
-6.1842e-01
-6.4672e-01
-6.8835e-01
-7.4078e-01
-8.0104e-01
-8.6600e-01
-9.3259e-01
-9.9798e-01
-1.0598e+00
-1.1164e+00
-1.1665e+00
-1.2096e+00
-1.2459e+00
-1.2758e+00
-1.3001e+00
-1.3198e+00
-1.3357e+00
-1.3487e+00
-1.3589e+00
-1.3664e+00
-1.3706e+00
-1.3708e+00
-1.3658e+00
-1.3543e+00
-1.3349e+00
-1.3065e+00
-1.2685e+00
-1.2206e+00
-1.1632e+00
-1.0975e+00
-1.0254e+00
-9.4920e-01
-8.7204e-01
-7.9718e-01
-7.2805e-01
-6.6788e-01
-6.1952e-01
-5.8521e-01
-5.6632e-01
-5.6330e-01
-5.7559e-01
-6.0161e-01
-6.3889e-01
-6.8424e-01
-7.3393e-01
-7.8402e-01
-8.3062e-01
-8.7018e-01
-8.9975e-01
-9.1721e-01
-9.2142e-01
-9.1228e-01
-8.9076e-01
-8.5876e-01
-8.1900e-01
-7.7476e-01
-7.2964e-01
-6.8726e-01
-6.5100e-01
-6.2371e-01
-6.0754e-01
-6.0376e-01
-6.1272e-01
-6.3381e-01
-6.6560e-01
-7.0591e-01
-7.5207e-01
-8.0112e-01
-8.5005e-01
-8.9607e-01
-9.3675e-01
-9.7025e-01
-9.9541e-01
-1.0117e+00
-1.0194e+00
-1.0193e+00
-1.0125e+00
-1.0007e+00
-9.8546e-01
-9.6823e-01
-9.5029e-01
-9.3250e-01
-9.1522e-01
-8.9834e-01
-8.8129e-01
-8.6312e-01
-8.4266e-01
-8.1868e-01
-7.9007e-01
-7.5602e-01
-7.1619e-01
-6.7078e-01
-6.2064e-01
-5.6724e-01
-5.1260e-01
-4.5917e-01
-4.0965e-01
-3.6677e-01
-3.3306e-01
-3.1063e-01
-3.0090e-01
-3.0454e-01
-3.2124e-01
-3.4978e-01
-3.8802e-01
-4.3301e-01
-4.8121e-01
-5.2869e-01
-5.7146e-01
-6.0572e-01
-6.2814e-01
-6.3617e-01
-6.2818e-01
-6.0363e-01
-5.6309e-01
-5.0826e-01
-4.4180e-01
-3.6718e-01
-2.8844e-01
-2.0986e-01
-1.3570e-01
-6.9925e-02
-1.5874e-02
2.3893e-02
4.7762e-02
5.5141e-02
4.6447e-02
2.3022e-02
-1.3009e-02
-5.8946e-02
-1.1174e-01
-1.6826e-01
-2.2548e-01
-2.8073e-01
-3.3186e-01
-3.7730e-01
-4.1612e-01
-4.4804e-01
-4.7327e-01
-4.9245e-01
-5.0646e-01
-5.1624e-01
-5.2263e-01
-5.2622e-01
-5.2723e-01
-5.2547e-01
-5.2034e-01
-5.1086e-01
-4.9581e-01
-4.7387e-01
-4.4377e-01
-4.0451e-01
-3.5552e-01
-2.9680e-01
-2.2901e-01
-1.5354e-01
-7.2449e-02
1.1578e-02
9.5425e-02
1.7572e-01
2.4908e-01
3.1237e-01
3.6291e-01
3.9876e-01
4.1881e-01
4.2297e-01
4.1215e-01
3.8824e-01
3.5397e-01
3.1274e-01
2.6838e-01
2.2484e-01
1.8594e-01
1.5505e-01
1.3486e-01
1.2717e-01
1.3278e-01
1.5142e-01
1.8180e-01
2.2171e-01
2.6823e-01
3.1793e-01
3.6718e-01
4.1239e-01
4.5035e-01
4.7842e-01
4.9474e-01
4.9833e-01
4.8917e-01
4.6816e-01
4.3701e-01
3.9807e-01
3.5415e-01
3.0824e-01
2.6332e-01
2.2206e-01
1.8671e-01
1.5890e-01
1.3957e-01
1.2896e-01
1.2665e-01
1.3170e-01
1.4273e-01
1.5818e-01
1.7645e-01
1.9610e-01
2.1601e-01
2.3548e-01
2.5430e-01
2.7275e-01
2.9154e-01
3.1171e-01
3.3447e-01
3.6103e-01
3.9242e-01
4.2929e-01
4.7184e-01
5.1962e-01
5.7160e-01
6.2610e-01
6.8093e-01
7.3355e-01
7.8122e-01
8.2123e-01
8.5120e-01
8.6921e-01
8.7407e-01
8.6545e-01
8.4395e-01
8.1112e-01
7.6939e-01
7.2192e-01
6.7242e-01
6.2486e-01
5.8322e-01
5.5115e-01
5.3176e-01
5.2731e-01
5.3907e-01
5.6720e-01
6.1076e-01
6.6770e-01
7.3506e-01
8.0916e-01
8.8584e-01
9.6080e-01
1.0298e+00
1.0892e+00
1.1357e+00
1.1672e+00
1.1824e+00
1.1809e+00
1.1637e+00
1.1323e+00
1.0890e+00
1.0366e+00
9.7837e-01
9.1734e-01
8.5644e-01
7.9817e-01
7.4453e-01
6.9685e-01
6.5583e-01
6.2160e-01
5.9377e-01
5.7160e-01
5.5417e-01
5.4057e-01
5.3002e-01
5.2205e-01
5.1657e-01
5.1391e-01
5.1482e-01
5.2035e-01
5.3179e-01
5.5047e-01
5.7758e-01
6.1399e-01
6.6010e-01
7.1571e-01
7.7989e-01
8.5104e-01
9.2687e-01
1.0045e+00
1.0808e+00
1.1523e+00
1.2156e+00
1.2678e+00
1.3065e+00
1.3298e+00
1.3372e+00
1.3287e+00
1.3057e+00
1.2704e+00
1.2257e+00
1.1752e+00
1.1228e+00
1.0724e+00
1.0278e+00
9.9214e-01
9.6779e-01
9.5624e-01
9.5793e-01
9.7225e-01
9.9758e-01
1.0315e+00
1.0707e+00
1.1119e+00
1.1513e+00
1.1855e+00
1.2114e+00
1.2266e+00
1.2295e+00
1.2195e+00
1.1969e+00
1.1629e+00
1.1194e+00
1.0690e+00
1.0144e+00
9.5889e-01
9.0520e-01
8.5592e-01
8.1311e-01
7.7817e-01
7.5180e-01
7.3401e-01
7.2421e-01
7.2127e-01
7.2375e-01
7.3005e-01
7.3860e-01
7.4806e-01
7.5744e-01
7.6619e-01
7.7429e-01
7.8215e-01
7.9063e-01
8.0083e-01
8.1400e-01
8.3128e-01
8.5362e-01
8.8153e-01
9.1499e-01
9.5336e-01
9.9538e-01
1.0392e+00
1.0825e+00
1.1226e+00
1.1568e+00
1.1825e+00
1.1974e+00
1.1998e+00
1.1888e+00
1.1644e+00
1.1275e+00
1.0800e+00
1.0245e+00
9.6449e-01
9.0371e-01
8.4620e-01
7.9587e-01
7.5621e-01
7.3006e-01
7.1938e-01
7.2507e-01
7.4693e-01
7.8362e-01
8.3278e-01
8.9117e-01
9.5492e-01
1.0198e+00
1.0815e+00
1.1360e+00
1.1796e+00
1.2095e+00
1.2239e+00
1.2217e+00
1.2031e+00
1.1691e+00
1.1216e+00
1.0632e+00
9.9673e-01
9.2545e-01
8.5240e-01
7.8039e-01
7.1175e-01
6.4825e-01
5.9104e-01
5.4061e-01
4.9689e-01
4.5936e-01
4.2721e-01
3.9950e-01
3.7535e-01
3.5407e-01
3.3530e-01
3.1911e-01
3.0597e-01
2.9674e-01
2.9257e-01
2.9479e-01
3.0469e-01
3.2338e-01
3.5160e-01
3.8955e-01
4.3680e-01
4.9219e-01
5.5387e-01
6.1937e-01
6.8568e-01
7.4949e-01
8.0741e-01
8.5617e-01
8.9294e-01
9.1552e-01
9.2250e-01
9.1346e-01
8.8898e-01
8.5064e-01
8.0092e-01
7.4302e-01
6.8067e-01
6.1781e-01
5.5833e-01
5.0579e-01
4.6312e-01
4.3244e-01
4.1488e-01
4.1053e-01
4.1842e-01
4.3664e-01
4.6246e-01
4.9260e-01
5.2346e-01
5.5142e-01
5.7311e-01
5.8569e-01
5.8701e-01
5.7581e-01
5.5177e-01
5.1547e-01
4.6839e-01
4.1269e-01
3.5105e-01
2.8644e-01
2.2187e-01
1.6013e-01
1.0363e-01
5.4223e-02
1.3073e-02
-1.9348e-02
-4.3244e-02
-5.9411e-02
-6.9092e-02
-7.3808e-02
-7.5166e-02
-7.4673e-02
-7.3571e-02
-7.2703e-02
-7.2442e-02
-7.2662e-02
-7.2782e-02
-7.1854e-02
-6.8704e-02
-6.2100e-02
-5.0935e-02
-3.4402e-02
-1.2153e-02
1.5593e-02
4.7992e-02
8.3572e-02
1.2031e-01
1.5575e-01
1.8719e-01
2.1190e-01
2.2737e-01
2.3149e-01
2.2284e-01
2.0078e-01
1.6560e-01
1.1855e-01
6.1780e-02
-1.7589e-03
-6.8513e-02
-1.3456e-01
-1.9590e-01
-2.4873e-01
-2.8974e-01
-3.1636e-01
-3.2699e-01
-3.2109e-01
-2.9924e-01
-2.6314e-01
-2.1547e-01
-1.5969e-01
-9.9850e-02
-4.0227e-02
1.4913e-02
6.1633e-02
9.6586e-02
1.1722e-01
1.2194e-01
1.1017e-01
8.2319e-02
3.9754e-02
-1.5399e-02
-8.0431e-02
-1.5229e-01
-2.2784e-01
-3.0406e-01
-3.7829e-01
-4.4837e-01
-5.1273e-01
-5.7046e-01
-6.2126e-01
-6.6537e-01
-7.0341e-01
-7.3628e-01
-7.6490e-01
-7.9011e-01
-8.1249e-01
-8.3226e-01
-8.4924e-01
-8.6280e-01
-8.7197e-01
-8.7552e-01
-8.7213e-01
-8.6053e-01
-8.3973e-01
-8.0914e-01
-7.6878e-01
-7.1932e-01
-6.6214e-01
-5.9931e-01
-5.3352e-01
-4.6788e-01
-4.0577e-01
-3.5056e-01
-3.0540e-01
-2.7294e-01
-2.5512e-01
-2.5304e-01
-2.6678e-01
-2.9541e-01
-3.3705e-01
-3.8895e-01
-4.4770e-01
-5.0947e-01
-5.7030e-01
-6.2639e-01
-6.7435e-01
-7.1152e-01
-7.3608e-01
-7.4726e-01
-7.4533e-01
-7.3158e-01
-7.0823e-01
-6.7821e-01
-6.4495e-01
-6.1208e-01
-5.8317e-01
-5.6144e-01
-5.4952e-01
-5.4927e-01
-5.6164e-01
-5.8665e-01
-6.2339e-01
-6.7015e-01
-7.2455e-01
-7.8381e-01
-8.4491e-01
-9.0488e-01
-9.6105e-01
-1.0112e+00
-1.0536e+00
-1.0875e+00
-1.1125e+00
-1.1291e+00
-1.1382e+00
-1.1412e+00
-1.1397e+00
-1.1353e+00
-1.1293e+00
-1.1230e+00
-1.1169e+00
-1.1114e+00
-1.1062e+00
-1.1004e+00
-1.0931e+00
-1.0831e+00
-1.0691e+00
-1.0501e+00
-1.0255e+00
-9.9508e-01
-9.5928e-01
-9.1916e-01
-8.7638e-01
-8.3313e-01
-7.9198e-01
-7.5565e-01
-7.2684e-01
-7.0794e-01
-7.0086e-01
-7.0677e-01
-7.2601e-01
-7.5795e-01
-8.0106e-01
-8.5287e-01
-9.1024e-01
-9.6943e-01
-1.0265e+00
-1.0774e+00
-1.1186e+00
-1.1469e+00
-1.1601e+00
-1.1568e+00
-1.1371e+00
-1.1018e+00
-1.0529e+00
-9.9347e-01
-9.2717e-01
-8.5815e-01
-7.9072e-01
-7.2907e-01
-6.7697e-01
-6.3752e-01
-6.1296e-01
-6.0455e-01
-6.1253e-01
-6.3616e-01
-6.7379e-01
-7.2308e-01
-7.8118e-01
-8.4499e-01
-9.1138e-01
-9.7743e-01
-1.0406e+00
-1.0990e+00
-1.1513e+00
-1.1966e+00
-1.2351e+00
-1.2669e+00
-1.2929e+00
-1.3139e+00
-1.3310e+00
-1.3448e+00
-1.3559e+00
-1.3643e+00
-1.3697e+00
-1.3713e+00
-1.3681e+00
-1.3587e+00
-1.3420e+00
-1.3166e+00
-1.2817e+00
-1.2369e+00
-1.1825e+00
-1.1193e+00
-1.0489e+00
-9.7372e-01
-8.9653e-01
-8.2057e-01
-7.4925e-01
-6.8588e-01
-6.3349e-01
-5.9451e-01
-5.7061e-01
-5.6256e-01
-5.7009e-01
-5.9197e-01
-6.2598e-01
-6.6914e-01
-7.1787e-01
-7.6826e-01
-8.1638e-01
-8.5854e-01
-8.9156e-01
-9.1305e-01
-9.2154e-01
-9.1660e-01
-8.9886e-01
-8.6994e-01
-8.3232e-01
-7.8912e-01
-7.4388e-01
-7.0025e-01
-6.6170e-01
-6.3128e-01
-6.1139e-01
-6.0358e-01
-6.0850e-01
-6.2585e-01
-6.5443e-01
-6.9230e-01
-7.3691e-01
-7.8537e-01
-8.3466e-01
-8.8188e-01
-9.2449e-01
-9.6045e-01
-9.8834e-01
-1.0075e+00
-1.0179e+00
-1.0201e+00
-1.0153e+00
-1.0049e+00
-9.9060e-01
-9.7385e-01
-9.5602e-01
-9.3812e-01
-9.2066e-01
-9.0370e-01
-8.8679e-01
-8.6910e-01
-8.4950e-01
-8.2677e-01
-7.9974e-01
-7.6749e-01
-7.2950e-01
-6.8581e-01
-6.3705e-01
-5.8449e-01
-5.3000e-01
-4.7589e-01
-4.2483e-01
-3.7955e-01
-3.4267e-01
-3.1645e-01
-3.0256e-01
-3.0193e-01
-3.1456e-01
-3.3952e-01
-3.7495e-01
-4.1815e-01
-4.6574e-01
-5.1389e-01
-5.5859e-01
-5.9594e-01
-6.2246e-01
-6.3530e-01
-6.3252e-01
-6.1324e-01
-5.7766e-01
-5.2713e-01
-4.6403e-01
-3.9160e-01
-3.1371e-01
-2.3461e-01
-1.5859e-01
-8.9751e-02
-3.1644e-02
1.2894e-02
4.1941e-02
5.4575e-02
5.0896e-02
3.1967e-02
-3.1841e-04
-4.3419e-02
-9.4373e-02
-1.5004e-01
-2.0734e-01
-2.6349e-01
-3.1613e-01
-3.6351e-01
-4.0451e-01
-4.3862e-01
-4.6592e-01
-4.8694e-01
-5.0250e-01
-5.1353e-01
-5.2092e-01
-5.2536e-01
-5.2719e-01
-5.2636e-01
-5.2239e-01
-5.1442e-01
-5.0129e-01
-4.8168e-01
-4.5431e-01
-4.1805e-01
-3.7220e-01
-3.1653e-01
-2.5152e-01
-1.7830e-01
-9.8735e-02
-1.5324e-02
6.8939e-02
1.5074e-01
2.2667e-01
2.9348e-01
3.4833e-01
3.8902e-01
4.1416e-01
4.2334e-01
4.1713e-01
3.9713e-01
3.6581e-01
3.2640e-01
2.8261e-01
2.3838e-01
1.9761e-01
1.6384e-01
1.4000e-01
1.2819e-01
1.2954e-01
1.4412e-01
1.7096e-01
2.0813e-01
2.5290e-01
3.0198e-01
3.5176e-01
3.9863e-01
4.3922e-01
4.7069e-01
4.9090e-01
4.9859e-01
4.9343e-01
4.7605e-01
4.4790e-01
4.1115e-01
3.6850e-01
3.2290e-01
2.7735e-01
2.3466e-01
1.9722e-01
1.6687e-01
1.4478e-01
1.3141e-01
1.2654e-01
1.2937e-01
1.3866e-01
1.5287e-01
1.7041e-01
1.8976e-01
2.0969e-01
2.2935e-01
2.4837e-01
2.6688e-01
2.8546e-01
3.0507e-01
3.2687e-01
3.5209e-01
3.8185e-01
4.1693e-01
4.5768e-01
5.0388e-01
5.5468e-01
6.0859e-01
6.6358e-01
7.1720e-01
7.6674e-01
8.0947e-01
8.4287e-01
8.6485e-01
8.7399e-01
8.6964e-01
8.5213e-01
8.2268e-01
7.8347e-01
7.3745e-01
6.8817e-01
6.3955e-01
5.9561e-01
5.6013e-01
5.3641e-01
5.2701e-01
5.3353e-01
5.5650e-01
5.9532e-01
6.4827e-01
7.1269e-01
7.8507e-01
8.6140e-01
9.3737e-01
1.0087e+00
1.0715e+00
1.1224e+00
1.1589e+00
1.1793e+00
1.1832e+00
1.1708e+00
1.1437e+00
1.1039e+00
1.0541e+00
9.9738e-01
9.3690e-01
8.7566e-01
8.1631e-01
7.6102e-01
7.1133e-01
6.6815e-01
6.3178e-01
6.0198e-01
5.7810e-01
5.5927e-01
5.4454e-01
5.3309e-01
5.2433e-01
5.1804e-01
5.1442e-01
5.1408e-01
5.1801e-01
5.2743e-01
5.4366e-01
5.6797e-01
6.0135e-01
6.4436e-01
6.9701e-01
7.5860e-01
8.2775e-01
9.0237e-01
9.7978e-01
1.0569e+00
1.1302e+00
1.1965e+00
1.2526e+00
1.2957e+00
1.3241e+00
1.3366e+00
1.3331e+00
1.3145e+00
1.2828e+00
1.2407e+00
1.1916e+00
1.1394e+00
1.0880e+00
1.0412e+00
1.0024e+00
9.7421e-01
9.5848e-01
9.5597e-01
9.6640e-01
9.8845e-01
1.0199e+00
1.0578e+00
1.0988e+00
1.1392e+00
1.1754e+00
1.2042e+00
1.2230e+00
1.2300e+00
1.2241e+00
1.2055e+00
1.1749e+00
1.1342e+00
1.0856e+00
1.0321e+00
9.7652e-01
9.2193e-01
8.7100e-01
8.2595e-01
7.8838e-01
7.5925e-01
7.3877e-01
7.2653e-01
7.2155e-01
7.2247e-01
7.2773e-01
7.3572e-01
7.4502e-01
7.5450e-01
7.6348e-01
7.7176e-01
7.7963e-01
7.8780e-01
7.9732e-01
8.0941e-01
8.2527e-01
8.4592e-01
8.7202e-01
9.0375e-01
9.4067e-01
9.8170e-01
1.0252e+00
1.0689e+00
1.1104e+00
1.1468e+00
1.1754e+00
1.1940e+00
1.2005e+00
1.1938e+00
1.1736e+00
1.1405e+00
1.0961e+00
1.0429e+00
9.8388e-01
9.2291e-01
8.6392e-01
8.1090e-01
7.6749e-01
7.3679e-01
7.2103e-01
7.2147e-01
7.3827e-01
7.7045e-01
8.1595e-01
8.7179e-01
9.3429e-01
9.9928e-01
1.0625e+00
1.1196e+00
1.1670e+00
1.2016e+00
1.2211e+00
1.2242e+00
1.2107e+00
1.1815e+00
1.1380e+00
1.0828e+00
1.0186e+00
9.4849e-01
8.7568e-01
8.0306e-01
7.3312e-01
6.6784e-01
6.0854e-01
5.5593e-01
5.1011e-01
4.7069e-01
4.3692e-01
4.0790e-01
3.8270e-01
3.6056e-01
3.4101e-01
3.2397e-01
3.0978e-01
2.9919e-01
2.9327e-01
2.9331e-01
3.0063e-01
3.1642e-01
3.4156e-01
3.7642e-01
4.2080e-01
4.7376e-01
5.3368e-01
5.9827e-01
6.6466e-01
7.2964e-01
7.8980e-01
8.4181e-01
8.8268e-01
9.0997e-01
9.2201e-01
9.1806e-01
8.9838e-01
8.6422e-01
8.1781e-01
7.6213e-01
7.0077e-01
6.3764e-01
5.7668e-01
5.2158e-01
4.7550e-01
4.4082e-01
4.1903e-01
4.1052e-01
4.1468e-01
4.2987e-01
4.5360e-01
4.8274e-01
5.1377e-01
5.4304e-01
5.6707e-01
5.8282e-01
5.8791e-01
5.8078e-01
5.6080e-01
5.2829e-01
4.8444e-01
4.3121e-01
3.7115e-01
3.0716e-01
2.4225e-01
1.7933e-01
1.2093e-01
6.9107e-02
2.5241e-02
-9.9685e-03
-3.6520e-02
-5.5032e-02
-6.6623e-02
-7.2746e-02
-7.5002e-02
-7.4949e-02
-7.3928e-02
-7.2922e-02
-7.2457e-02
-7.2567e-02
-7.2806e-02
-7.2331e-02
-7.0024e-02
-6.4650e-02
-5.5043e-02
-4.0283e-02
-1.9860e-02
6.1970e-03
3.7244e-02
7.2006e-02
1.0862e-01
1.4476e-01
1.7778e-01
2.0492e-01
2.2358e-01
2.3151e-01
2.2704e-01
2.0926e-01
1.7817e-01
1.3471e-01
8.0752e-02
1.9008e-02
-4.7135e-02
-1.1384e-01
-1.7711e-01
-2.3304e-01
-2.7813e-01
-3.0956e-01
-3.2540e-01
-3.2475e-01
-3.0785e-01
-2.7604e-01
-2.3171e-01
-1.7810e-01
-1.1910e-01
-5.8931e-02
-1.9149e-03
4.7883e-02
8.6903e-02
1.1232e-01
1.2222e-01
1.1570e-01
9.2869e-02
5.4793e-02
3.3795e-03
-5.8825e-02
-1.2885e-01
-2.0357e-01
-2.7988e-01
-3.5501e-01
-4.2661e-01
-4.9292e-01
-5.5282e-01
-6.0583e-01
-6.5201e-01
-6.9190e-01
-7.2631e-01
-7.5619e-01
-7.8240e-01
-8.0564e-01
-8.2625e-01
-8.4416e-01
-8.5890e-01
-8.6959e-01
-8.7508e-01
-8.7404e-01
-8.6518e-01
-8.4740e-01
-8.1996e-01
-7.8267e-01
-7.3599e-01
-6.8108e-01
-6.1979e-01
-5.5462e-01
-4.8857e-01
-4.2497e-01
-3.6720e-01
-3.1852e-01
-2.8176e-01
-2.5912e-01
-2.5197e-01
-2.6072e-01
-2.8477e-01
-3.2253e-01
-3.7150e-01
-4.2847e-01
-4.8971e-01
-5.5127e-01
-6.0925e-01
-6.6013e-01
-7.0098e-01
-7.2969e-01
-7.4516e-01
-7.4731e-01
-7.3712e-01
-7.1654e-01
-6.8829e-01
-6.5567e-01
-6.2228e-01
-5.9174e-01
-5.6741e-01
-5.5212e-01
-5.4800e-01
-5.5631e-01
-5.7735e-01
-6.1050e-01
-6.5430e-01
-7.0656e-01
-7.6459e-01
-8.2543e-01
-8.8607e-01
-9.4372e-01
-9.9598e-01
-1.0410e+00
-1.0777e+00
-1.1055e+00
-1.1247e+00
-1.1360e+00
-1.1408e+00
-1.1406e+00
-1.1369e+00
-1.1313e+00
-1.1250e+00
-1.1188e+00
-1.1131e+00
-1.1078e+00
-1.1023e+00
-1.0957e+00
-1.0866e+00
-1.0740e+00
-1.0567e+00
-1.0340e+00
-1.0054e+00
-9.7122e-01
-9.3232e-01
-8.9017e-01
-8.4681e-01
-8.0469e-01
-7.6653e-01
-7.3504e-01
-7.1276e-01
-7.0175e-01
-7.0344e-01
-7.1845e-01
-7.4647e-01
-7.8625e-01
-8.3560e-01
-8.9158e-01
-9.5062e-01
-1.0088e+00
-1.0621e+00
-1.1067e+00
-1.1394e+00
-1.1576e+00
-1.1597e+00
-1.1451e+00
-1.1146e+00
-1.0698e+00
-1.0133e+00
-9.4879e-01
-8.8017e-01
-8.1176e-01
-7.4784e-01
-6.9233e-01
-6.4856e-01
-6.1907e-01
-6.0544e-01
-6.0824e-01
-6.2702e-01
-6.6041e-01
-7.0628e-01
-7.6191e-01
-8.2424e-01
-8.9014e-01
-9.5659e-01
-1.0209e+00
-1.0810e+00
-1.1353e+00
-1.1829e+00
-1.2236e+00
-1.2574e+00
-1.2852e+00
-1.3077e+00
-1.3260e+00
-1.3407e+00
-1.3527e+00
-1.3619e+00
-1.3683e+00
-1.3712e+00
-1.3697e+00
-1.3625e+00
-1.3482e+00
-1.3257e+00
-1.2939e+00
-1.2523e+00
-1.2008e+00
-1.1403e+00
-1.0720e+00
-9.9803e-01
-9.2114e-01
-8.4442e-01
-7.7125e-01
-7.0501e-01
-6.4883e-01
-6.0535e-01
-5.7652e-01
-5.6340e-01
-5.6606e-01
-5.8356e-01
-6.1399e-01
-6.5461e-01
-7.0197e-01
-7.5227e-01
-8.0153e-01
-8.4596e-01
-8.8220e-01
-9.0757e-01
-9.2030e-01
-9.1962e-01
-9.0582e-01
-8.8023e-01
-8.4506e-01
-8.0327e-01
-7.5829e-01
-7.1376e-01
-6.7323e-01
-6.3993e-01
-6.1647e-01
-6.0470e-01
-6.0555e-01
-6.1903e-01
-6.4421e-01
-6.7938e-01
-7.2214e-01
-7.6970e-01
-8.1905e-01
-8.6723e-01
-9.1156e-01
-9.4981e-01
-9.8039e-01
-1.0024e+00
-1.0155e+00
-1.0202e+00
-1.0175e+00
-1.0088e+00
-9.9551e-01
-9.7936e-01
-9.6175e-01
-9.4379e-01
-9.2616e-01
-9.0907e-01
-8.9222e-01
-8.7488e-01
-8.5602e-01
-8.3443e-01
-8.0888e-01
-7.7837e-01
-7.4224e-01
-7.0032e-01
-6.5307e-01
-6.0154e-01
-5.4743e-01
-4.9293e-01
-4.4060e-01
-3.9318e-01
-3.5335e-01
-3.2353e-01
-3.0558e-01
-3.0067e-01
-3.0913e-01
-3.3032e-01
-3.6268e-01
-4.0374e-01
-4.5033e-01
-4.9873e-01
-5.4497e-01
-5.8507e-01
-6.1538e-01
-6.3283e-01
-6.3518e-01
-6.2118e-01
-5.9070e-01
-5.4472e-01
-4.8531e-01
-4.1546e-01
-3.3886e-01
-2.5967e-01
-1.8222e-01
-1.1067e-01
-4.8799e-02
3.1669e-04
3.4447e-02
5.2346e-02
5.3792e-02
3.9551e-02
1.1271e-02
-2.8691e-02
-7.7480e-02
-1.3199e-01
-1.8909e-01
-2.4588e-01
-2.9986e-01
-3.4907e-01
-3.9218e-01
-4.2850e-01
-4.5794e-01
-4.8089e-01
-4.9808e-01
-5.1045e-01
-5.1892e-01
-5.2424e-01
-5.2689e-01
-5.2693e-01
-5.2404e-01
-5.1746e-01
-5.0611e-01
-4.8871e-01
-4.6394e-01
-4.3062e-01
-3.8787e-01
-3.3532e-01
-2.7319e-01
-2.0241e-01
-1.2463e-01
-4.2136e-02
4.2204e-02
1.2516e-01
